6437
6393
6394
6401
6397
6395
6436

7593
7594
7595
7597
7601
7636
7637

6694
6736
6695
6697
6693
6701
6737

5536
5501
5495
5494
5537
5497
5493

7336
7301
7297
7295
7294
7293
7337

6094
6095
6097
6101
6093
6136
6137

6997
7001
7036
7037
6995
6994
6993

5794
5795
5836
5837
5793
5797
5801

6445
6410

7645
7610

7010
7045

5845
5810

6745
6710

5545
5510

7345
7310

6145
6110

7244
7338

6138
6044

5535
5443
5539

6643
6739
6735

7638
7544

6438
6344

7543
7639
7635

6343
6439
6435

6944
7038

5743
5839
5835

6943
7035
7039

5838
5744

6644
6738

5538
5444

6135
6139
6043

7335
7243
7339

